 6.43295896e+010
 6.30662522e+010
 6.18279833e+010
 6.06148362e+010
 5.94263130e+010
 5.82619140e+010
 5.71211497e+010
 5.60035402e+010
 5.49086155e+010
 5.38359152e+010
 5.27849882e+010
 5.17553925e+010
 5.07466952e+010
 4.97584719e+010
 4.87903071e+010
 4.78417938e+010
 4.69125329e+010
 4.60021337e+010
 4.51102133e+010
 4.42363966e+010
 4.33803163e+010
 4.25416122e+010
 4.17199316e+010
 4.09149290e+010
 4.01262660e+010
 3.93536107e+010
 3.85966383e+010
 3.78550304e+010
 3.71284752e+010
 3.64166672e+010
 3.57193069e+010
 3.50361012e+010
 3.43667627e+010
 3.37110100e+010
 3.30685672e+010
 3.24391643e+010
 3.18225365e+010
 3.12184245e+010
 3.06265744e+010
 3.00467371e+010
 2.94786688e+010
 2.89221308e+010
 2.83768888e+010
 2.78427137e+010
 2.73193808e+010
 2.68066701e+010
 2.63043659e+010
 2.58122570e+010
 2.53301364e+010
 2.48578015e+010
 2.43950535e+010
 2.39416980e+010
 2.34975442e+010
 2.30624054e+010
 2.26360986e+010
 2.22184445e+010
 2.18092675e+010
 2.14083955e+010
 2.10156600e+010
 2.06308958e+010
 2.02539411e+010
 1.98846374e+010
 1.95228293e+010
 1.91683649e+010
 1.88210949e+010
 1.84808734e+010
 1.81475573e+010
 1.78210065e+010
 1.75010835e+010
 1.71876540e+010
 1.68805860e+010
 1.65797505e+010
 1.62850210e+010
 1.59962735e+010
 1.57133866e+010
 1.54362414e+010
 1.51647212e+010
 1.48987120e+010
 1.46381019e+010
 1.43827813e+010
 1.41326428e+010
 1.38875813e+010
 1.36474936e+010
 1.34122789e+010
 1.31818383e+010
 1.29560747e+010
 1.27348934e+010
 1.25182013e+010
 1.23059072e+010
 1.20979220e+010
 1.18941581e+010
 1.16945299e+010
 1.14989534e+010
 1.13073464e+010
 1.11196283e+010
 1.09357202e+010
 1.07555448e+010
 1.05790262e+010
 1.04060904e+010
 1.02366645e+010
 1.00706773e+010
 9.90805898e+009
 9.74874123e+009
 9.59265702e+009
 9.43974073e+009
 9.28992806e+009
 9.14315601e+009
 8.99936286e+009
 8.85848816e+009
 8.72047267e+009
 8.58525835e+009
 8.45278836e+009
 8.32300698e+009
 8.19585966e+009
 8.07129292e+009
 7.94925439e+009
 7.82969275e+009
 7.71255774e+009
 7.59780010e+009
 7.48537157e+009
 7.37522488e+009
 7.26731372e+009
 7.16159272e+009
 7.05801742e+009
 6.95654428e+009
 6.85713062e+009
 6.75973464e+009
 6.66431539e+009
 6.57083276e+009
 6.47924743e+009
 6.38952090e+009
 6.30161544e+009
 6.21549408e+009
 6.13112063e+009
 6.04845959e+009
 5.96747621e+009
 5.88813645e+009
 5.81040695e+009
 5.73425501e+009
 5.65964863e+009
 5.58655643e+009
 5.51494769e+009
 5.44479228e+009
 5.37606072e+009
 5.30872411e+009
 5.24275413e+009
 5.17812304e+009
 5.11480368e+009
 5.05276942e+009
 4.99199417e+009
 4.93245238e+009
 4.87411902e+009
 4.81696957e+009
 4.76097998e+009
 4.70612673e+009
 4.65238674e+009
 4.59973743e+009
 4.54815666e+009
 4.49762273e+009
 4.44811441e+009
 4.39961087e+009
 4.35209173e+009
 4.30553700e+009
 4.25992712e+009
 4.21524289e+009
 4.17146555e+009
 4.12857667e+009
 4.08655824e+009
 4.04539257e+009
 4.00506237e+009
 3.96555068e+009
 3.92684088e+009
 3.88891671e+009
 3.85176221e+009
 3.81536176e+009
 3.77970006e+009
 3.74476212e+009
 3.71053324e+009
 3.67699905e+009
 3.64414543e+009
 3.61195857e+009
 3.58042494e+009
 3.54953129e+009
 3.51926462e+009
 3.48961222e+009
 3.46056160e+009
 3.43210057e+009
 3.40421715e+009
 3.37689962e+009
 3.35013650e+009
 3.32391652e+009
 3.29822868e+009
 3.27306217e+009
 3.24840641e+009
 3.22425103e+009
 3.20058587e+009
 3.17740100e+009
 3.15468666e+009
 3.13243329e+009
 3.11063156e+009
 3.08927228e+009
 3.06834648e+009
 3.04784536e+009
 3.02776031e+009
 3.00808287e+009
 2.98880478e+009
 2.96991793e+009
 2.95141438e+009
 2.93328635e+009
 2.91552623e+009
 2.89812653e+009
 2.88107995e+009
 2.86437933e+009
 2.84801763e+009
 2.83198799e+009
 2.81628366e+009
 2.80089804e+009
 2.78582466e+009
 2.77105719e+009
 2.75658941e+009
 2.74241525e+009
 2.72852874e+009
 2.71492405e+009
 2.70159546e+009
 2.68853736e+009
 2.67574427e+009
 2.66321080e+009
 2.65093169e+009
 2.63890177e+009
 2.62711600e+009
 2.61556940e+009
 2.60425714e+009
 2.59317444e+009
 2.58231667e+009
 2.57167924e+009
 2.56125768e+009
 2.55104763e+009
 2.54104477e+009
 2.53124492e+009
 2.52164394e+009
 2.51223781e+009
 2.50302257e+009
 2.49399433e+009
 2.48514932e+009
 2.47648381e+009
 2.46799416e+009
 2.45967679e+009
 2.45152822e+009
 2.44354501e+009
 2.43572381e+009
 2.42806134e+009
 2.42055437e+009
 2.41319974e+009
 2.40599436e+009
 2.39893521e+009
 2.39201932e+009
 2.38524377e+009
 2.37860573e+009
 2.37210240e+009
 2.36573104e+009
 2.35948899e+009
 2.35337361e+009
 2.34738233e+009
 2.34151263e+009
 2.33576206e+009
 2.33012818e+009
 2.32460864e+009
 2.31920110e+009
 2.31390331e+009
 2.30871302e+009
 2.30362807e+009
 2.29864631e+009
 2.29376564e+009
 2.28898402e+009
 2.28429944e+009
 2.27970992e+009
 2.27521354e+009
 2.27080840e+009
 2.26649266e+009
 2.26226451e+009
 2.25812215e+009
 2.25406386e+009
 2.25008793e+009
 2.24619268e+009
 2.24237647e+009
 2.23863771e+009
 2.23497483e+009
 2.23138627e+009
 2.22787054e+009
 2.22442615e+009
 2.22105166e+009
 2.21774565e+009
 2.21450673e+009
 2.21133354e+009
 2.20822474e+009
 2.20517903e+009
 2.20219512e+009
 2.19927177e+009
 2.19640774e+009
 2.19360183e+009
 2.19085287e+009
 2.18815968e+009
 2.18552115e+009
 2.18293617e+009
 2.18040364e+009
 2.17792250e+009
 2.17549172e+009
 2.17311026e+009
 2.17077712e+009
 2.16849134e+009
 2.16625194e+009
 2.16405798e+009
 2.16190854e+009
 2.15980272e+009
 2.15773964e+009
 2.15571842e+009
 2.15373822e+009
 2.15179820e+009
 2.14989755e+009
 2.14803547e+009
 2.14621117e+009
 2.14442390e+009
 2.14267289e+009
 2.14095742e+009
 2.13927675e+009
 2.13763020e+009
 2.13601705e+009
 2.13443664e+009
 2.13288831e+009
 2.13137139e+009
 2.12988525e+009
 2.12842927e+009
 2.12700284e+009
 2.12560535e+009
 2.12423622e+009
 2.12289487e+009
 2.12158074e+009
 2.12029328e+009
 2.11903195e+009
 2.11779621e+009
 2.11658555e+009
 2.11539945e+009
 2.11423742e+009
 2.11309898e+009
 2.11198363e+009
 2.11089092e+009
 2.10982038e+009
 2.10877157e+009
 2.10774403e+009
 2.10673735e+009
 2.10575110e+009
 2.10478486e+009
 2.10383822e+009
 2.10291080e+009
 2.10200220e+009
 2.10111203e+009
 2.10023992e+009
 2.09938552e+009
 2.09854845e+009
 2.09772837e+009
 2.09692492e+009
 2.09613778e+009
 2.09536662e+009
 2.09461110e+009
 2.09387091e+009
 2.09314575e+009
 2.09243529e+009
 2.09173926e+009
 2.09105735e+009
 2.09038927e+009
 2.08973476e+009
 2.08909352e+009
 2.08846529e+009
 2.08784982e+009
 2.08724683e+009
 2.08665608e+009
 2.08607731e+009
 2.08551029e+009
 2.08495478e+009
 2.08441054e+009
 2.08387734e+009
 2.08335496e+009
 2.08284318e+009
 2.08234179e+009
 2.08185057e+009
 2.08136931e+009
 2.08089783e+009
 2.08043591e+009
 2.07998336e+009
 2.07954000e+009
 2.07910563e+009
 2.07868007e+009
 2.07826316e+009
 2.07785470e+009
 2.07745453e+009
 2.07706248e+009
 2.07667838e+009
 2.07630208e+009
 2.07593342e+009
 2.07557223e+009
